22,66
79,45
32,18
98,75
34,36
41,20
84,59
22,9
22,45
55,15
39,3
80,50
40,37
0,74
13,47
6,29
52,46
64,49
23,93
45,5
22,33
64,68
39,77
72,29
95,94
94,86
38,41
14,12
48,84
4,99
78,39
63,59
60,56
90,71
9,71
33,71
11,69
77,47
8,75
72,43
35,42
42,56
63,5
66,14
45,1
30,90
48,59
81,62
3,34
89,67
95,65
13,19
6,20
50,45
4,39
76,28
19,83
54,59
64,40
94,32
20,11
96,42
3,54
68,79
15,53
38,44
77,78
89,94
93,76
1,92
99,65
19,86
8,56
26,13
16,0
67,88
63,84
75,61
11,76
75,71
77,15
59,76
25,69
58,77
98,30
40,2
72,18
46,60
91,96
34,45
83,15
68,42
15,43
68,24
89,76
88,71
58,18
36,13
25,89
51,66
41,26
78,5
75,69
76,54
62,77
50,27
45,63
84,9
21,59
14,70
78,34
64,90
71,34
83,4
88,23
39,38
25,9
25,75
79,35
91,39
0,24
27,2
23,15
78,56
54,51
62,96
82,65
25,59
64,54
24,19
47,16
67,16
3,74
53,4
54,86
55,73
63,34
59,88
9,30
69,10
76,82
28,92
84,50
98,14
36,44
61,79
80,91
47,0
40,50
40,68
4,69
42,82
56,61
21,47
72,82
88,52
65,20
62,5
96,76
34,89
5,40
56,11
36,9
37,60
39,76
48,12
65,73
84,35
78,96
63,86
99,85
66,26
78,38
9,42
50,10
5,71
71,66
65,97
71,74
8,48
80,53
88,69
88,10
17,24
75,25
15,61
15,78
53,50
43,55
88,65
94,3
28,93
94,84
33,71
10,95
43,18
59,30
54,18
49,49
26,17
